[[0, 5, 6, 11, 15, 15, 20, 22, 27, 29, 31], [5, 5, 8, 11, 11, 11, 15, 15, 20, 22]]
[[4, 9, 13, 16, 20, 24, 24, 26], [4, 8, 11, 15, 21, 27, 27, 32]]
[[5, 8, 11, 15, 15, 19, 19, 22, 28, 32], [1, 1, 1, 3, 9, 12, 15, 18, 20]]
[[3, 6, 10, 14, 14, 18, 18, 20], [4, 5, 8, 14, 14, 18, 21, 30]]
[[3, 8, 12, 12, 15, 19, 23, 28, 29, 30], [4, 6, 6, 6, 8, 11, 11, 16, 16]]
[[4, 7, 11, 14, 18, 19, 23, 28, 29, 30], [3, 7, 7, 7, 7, 7, 11, 11, 11]]
[[3, 7, 10, 10, 14, 18, 18, 23, 27, 27, 29, 29, 29, 29], [4, 7, 10, 14, 14, 18, 19, 19, 19, 19, 23, 27, 29, 30]]
[[3, 8, 12, 14, 18, 21, 21, 23, 27, 30], [3, 6, 11, 14, 14, 18, 18, 23, 29]]
[[4, 4, 4, 4, 4, 4, 4], [4, 7, 10, 14, 19, 24, 31]]
[[4, 4, 4, 4, 4, 4, 7, 11, 11, 14, 14, 14, 14, 14, 14, 14, 14, 14, 14], [3, 3, 7, 11, 15, 15, 15, 15, 15, 21, 21, 21, 26, 26, 28, 28, 28, 28, 30]]
[[4, 9, 12, 15, 20, 25, 29, 32], [0, 3, 6, 6, 6, 10, 15]]
[[4, 7, 11, 14, 14, 18, 18, 18, 18, 18], [3, 6, 9, 13, 19, 19, 23, 23, 29, 31]]
[[3, 7, 11, 14, 19, 23, 27, 27, 27, 29, 30], [4, 7, 10, 14, 19, 19, 19, 24, 26, 28]]
[[5, 9, 12, 16, 20, 27, 33], [2, 4, 6, 8, 10, 12]]
[[5, 8, 11, 15, 19, 24, 30], [3, 6, 9, 11, 11, 15]]
[[4, 7, 10, 10, 14, 19, 19, 19, 19, 21, 28], [4, 7, 11, 15, 15, 18, 22, 23, 25, 25, 31]]
[[4, 7, 10, 14, 19, 19, 20, 20, 22, 22, 22, 22, 22, 22, 22, 22, 22, 22, 26, 28, 28], [4, 8, 11, 15, 15, 15, 15, 19, 19, 19, 21, 22, 22, 24, 24, 24, 24, 24, 25, 27, 33]]
[[0, 4, 7, 7, 10, 14, 16, 16, 18, 24, 26, 31], [4, 7, 10, 14, 14, 14, 18, 25, 27, 27, 29]]
[[3, 6, 10, 13, 13, 17, 19, 21, 25, 25], [4, 8, 8, 8, 8, 8, 13, 19, 24, 32]]
[[0, 4, 7, 7, 12, 12, 15, 15, 15, 15, 15, 21, 21, 22, 24, 24, 25, 25, 27], [3, 7, 7, 10, 10, 10, 12, 14, 14, 14, 14, 14, 14, 14, 19, 21, 21, 22, 30]]
[[4, 8, 12, 15, 15, 15, 18, 18, 18, 18, 18], [4, 7, 7, 9, 13, 17, 22, 22, 26, 28, 30]]
[[5, 8, 8, 11, 15, 21, 28, 30], [3, 5, 5, 7, 7, 9, 13]]
[[4, 7, 11, 16, 21, 26, 32], [3, 3, 3, 3, 3, 5]]
[[3, 3, 6, 10, 10, 10, 10, 17, 17, 17, 21, 22, 22, 23, 23, 26, 26, 26], [4, 6, 8, 11, 11, 11, 13, 15, 15, 17, 17, 17, 17, 17, 21, 25, 29, 32]]
[[5, 8, 11, 11, 16, 20, 24, 25, 28, 32], [0, 2, 2, 2, 2, 4, 4, 9, 14]]
[[3, 7, 7, 11, 15, 15, 15, 20, 24], [4, 8, 12, 15, 19, 24, 28, 28, 32]]
[[3, 7, 10, 10, 14, 14, 15], [4, 7, 12, 18, 23, 29, 32]]
[[4, 7, 7, 7, 11, 11, 13, 15, 17], [3, 7, 11, 11, 11, 16, 21, 26, 32]]
[[4, 6, 8, 8, 8, 10, 10, 13], [3, 6, 11, 15, 21, 25, 29, 34]]
[[3, 7, 9, 12, 15, 15, 15, 20, 20], [4, 8, 11, 15, 19, 19, 24, 29, 33]]
[[5, 8, 12, 17, 17, 20, 20, 24, 24, 29, 32], [3, 7, 7, 10, 16, 16, 16, 19, 19, 21]]
[[3, 7, 7, 11, 16, 22, 25, 29, 32], [3, 6, 8, 12, 12, 15, 23, 27]]
[[3, 3, 3, 6, 10, 14, 18, 24], [2, 6, 10, 13, 17, 20, 27, 32]]
[[3, 6, 10, 14, 19, 25, 26, 27, 29, 31], [3, 6, 6, 9, 13, 16, 21, 21, 27]]
[[3, 7, 11, 16, 19, 24, 29, 29, 29, 30], [3, 3, 6, 9, 9, 9, 12, 12, 14]]
[[5, 8, 11, 15, 20, 23, 28, 32], [3, 6, 9, 13, 17, 17, 21]]
[[3, 5, 9, 9, 9, 9, 12, 15, 19, 21, 23, 23, 25, 27], [5, 8, 12, 15, 15, 17, 17, 17, 22, 22, 22, 27, 27, 32]]
[[3, 7, 12, 15, 15, 17, 21, 23, 23, 25, 28, 32], [4, 7, 7, 7, 11, 11, 13, 13, 17, 22, 29]]
[[5, 8, 11, 15, 19, 23, 23, 24, 25, 27, 29, 31], [3, 3, 3, 6, 9, 12, 12, 12, 14, 16, 18]]
[[3, 7, 12, 12, 12, 12, 14, 18, 18, 20], [3, 5, 9, 13, 17, 17, 19, 22, 28, 30]]
[[4, 4, 4, 7, 7, 7, 7, 12, 18, 18, 18, 18, 18, 18, 19, 21, 22, 22, 28, 29, 31], [3, 6, 10, 10, 10, 10, 14, 14, 16, 16, 16, 16, 16, 16, 18, 20, 20, 20, 22, 22]]
[[3, 7, 10, 10, 14, 14, 16, 18, 21, 23, 23], [2, 6, 9, 9, 12, 16, 22, 23, 23, 29, 31]]
[[5, 8, 11, 15, 19, 23, 29, 31], [4, 6, 9, 13, 13, 13, 13]]
[[4, 7, 10, 14, 15, 20, 24, 29, 33], [4, 7, 7, 7, 10, 16, 20, 20]]
[[3, 3, 6, 9, 14, 15, 19, 23, 28, 29, 29, 30], [0, 1, 1, 4, 4, 4, 9, 12, 12, 15, 17]]
[[3, 6, 10, 14, 19, 23, 23, 23, 23, 26, 31], [3, 3, 4, 7, 10, 11, 11, 12, 18, 20]]
[[5, 8, 8, 8, 12, 15, 19, 26, 32], [4, 6, 9, 9, 9, 9, 9, 9]]
[[3, 6, 9, 11, 15, 15, 17, 21], [4, 7, 7, 11, 15, 21, 26, 30]]
[[4, 7, 7, 10, 10, 10, 13, 18, 18, 19, 19, 24, 30], [4, 7, 10, 14, 14, 14, 15, 17, 17, 17, 21, 22]]
[[2, 4, 8, 11, 11, 13, 15, 17, 20, 20, 20, 20, 20], [4, 7, 7, 10, 10, 15, 17, 23, 23, 25, 26, 26, 33]]
[[3, 7, 7, 11, 11, 15, 20, 25, 31], [0, 4, 4, 4, 7, 7, 10, 14]]
[[4, 7, 10, 14, 18, 22, 22, 22, 24, 27, 27, 29], [4, 7, 8, 11, 11, 14, 14, 14, 22, 24, 28, 31]]
[[4, 8, 13, 16, 18, 21, 21, 25, 30], [0, 0, 0, 4, 8, 8, 11, 15]]
[[4, 8, 13, 17, 20, 20, 22, 22, 26, 32], [4, 7, 7, 10, 10, 14, 14, 15, 15]]
[[5, 9, 12, 15, 19, 21, 23, 29, 30], [3, 3, 3, 3, 3, 5, 7, 11]]
[[3, 5, 7, 9, 12, 15, 15, 15], [3, 6, 10, 15, 19, 23, 29, 31]]
[[4, 8, 11, 14, 14, 14, 16, 21, 23, 27, 29, 29, 29], [3, 7, 10, 10, 10, 10, 16, 22, 28, 28, 28, 28, 33]]
[[1, 1, 4, 7, 7, 11, 11, 14, 14], [4, 8, 8, 8, 11, 17, 22, 26, 31]]
[[4, 4, 6, 8, 10, 10, 14, 18, 22, 24, 24, 28, 28, 28, 28, 28, 28, 28, 28, 28], [3, 3, 3, 6, 6, 11, 11, 13, 16, 17, 23, 23, 26, 26, 28, 28, 28, 28, 28, 30]]
[[5, 8, 11, 15, 20, 20, 20, 20, 20, 20], [4, 6, 6, 6, 9, 13, 18, 22, 27, 31]]
[[5, 9, 12, 14, 18, 18, 22, 24, 24, 26, 28, 30], [4, 7, 9, 9, 11, 16, 18, 18, 20, 22, 24]]
[[3, 8, 11, 15, 18, 24, 26, 26, 30], [3, 6, 6, 9, 11, 14, 20, 20]]
[[5, 8, 12, 15, 20, 25, 26, 33], [3, 3, 3, 3, 3, 3, 3]]
[[3, 8, 10, 10, 13, 15, 18, 18, 20, 22, 24, 26, 28, 30], [3, 4, 5, 5, 5, 8, 8, 11, 13, 19, 21, 23, 28]]
[[5, 5, 8, 12, 15, 15, 20, 21, 23, 29, 31], [3, 5, 7, 10, 10, 12, 12, 14, 16, 16]]
[[5, 5, 8, 8, 11, 15, 19, 19, 24, 24, 29, 29], [3, 6, 6, 6, 9, 13, 13, 13, 15, 21, 24, 32]]
[[3, 7, 10, 10, 10, 10, 14, 14, 14, 20, 24, 24], [4, 7, 10, 14, 18, 23, 28, 28, 28, 28, 28, 33]]
[[3, 7, 12, 15, 20, 24, 24, 24, 24, 24, 24, 26, 26, 26, 28, 28, 30], [4, 6, 6, 6, 6, 6, 6, 6, 6, 12, 15, 15, 18, 18, 23, 23]]
[[3, 6, 10, 14, 14, 15, 16, 20, 24, 30], [3, 3, 6, 9, 9, 9, 10, 10, 15]]
[[4, 7, 7, 10, 14, 14, 14, 19, 21, 29, 31], [4, 7, 11, 15, 15, 15, 20, 20, 20, 20]]
[[3, 7, 10, 14, 18, 22, 26, 33], [4, 8, 11, 11, 12, 12, 12]]
[[4, 6, 6, 6, 6, 8, 8, 8, 10, 10, 10, 10, 10, 10, 14, 16, 19, 21], [3, 3, 4, 8, 11, 11, 15, 15, 16, 16, 16, 17, 22, 22, 26, 26, 26, 31]]
[[4, 8, 8, 11, 11, 12, 12, 16, 16, 20, 25, 29, 30], [3, 3, 3, 6, 6, 9, 12, 18, 22, 27, 27, 27]]
[[4, 4, 7, 7, 9, 9, 9, 12], [4, 7, 10, 14, 19, 25, 26, 31]]
[[4, 7, 10, 14, 19, 24, 25, 31], [3, 5, 8, 12, 14, 14, 14]]
[[3, 3, 6, 10, 13, 13, 17, 17, 21], [4, 6, 9, 13, 17, 21, 26, 26, 32]]
[[3, 7, 10, 14, 19, 25, 27, 29, 29], [3, 4, 7, 10, 10, 15, 22, 24, 32]]
[[4, 7, 10, 13, 18, 22, 26, 26, 26, 30], [4, 7, 7, 8, 12, 16, 19, 19, 19]]
[[3, 3, 7, 7, 10, 10, 14, 19, 24, 25, 33], [4, 4, 7, 7, 7, 9, 9, 9, 9, 9]]
[[5, 8, 12, 15, 21, 26, 33], [4, 6, 6, 8, 10, 12]]
[[3, 6, 6, 10, 10, 13, 13, 17, 21, 21, 21, 21, 26, 26, 26], [0, 4, 7, 10, 15, 19, 19, 19, 19, 24, 29, 29, 29, 29, 30]]
[[4, 4, 4, 4, 4, 9, 12, 16, 16, 20, 24, 30], [4, 7, 7, 7, 12, 15, 15, 20, 28, 28, 28]]
[[5, 8, 12, 17, 24, 27, 31], [3, 5, 5, 5, 8, 8]]
[[4, 7, 11, 14, 17, 22, 28, 28, 28, 28, 30], [0, 5, 5, 8, 11, 11, 16, 21, 26, 28]]
[[0, 4, 10, 13, 17, 17, 21, 26, 28, 28, 30], [3, 5, 7, 9, 11, 14, 18, 18, 18, 18]]
[[3, 6, 10, 14, 15, 15, 15, 20, 21, 21, 23, 25, 31], [3, 3, 5, 8, 11, 14, 14, 14, 14, 16, 17, 19]]
[[4, 8, 12, 17, 21, 25, 32], [2, 4, 7, 9, 9, 9]]
[[3, 7, 10, 10, 10, 12, 14, 16, 18, 21, 21, 21, 21, 26, 26, 26], [3, 6, 6, 10, 10, 10, 14, 18, 20, 22, 22, 22, 24, 29, 29, 31]]
[[3, 7, 10, 10, 10, 12, 14, 16, 18, 20, 22, 24, 26, 26, 26, 26, 26, 26, 26, 28], [0, 5, 5, 8, 8, 10, 11, 17, 19, 21, 23, 25, 25, 27, 27, 27, 27, 29, 29, 31]]
[[3, 4, 7, 11, 13, 16, 16, 16, 17, 19, 23, 24, 24, 26], [1, 4, 4, 4, 7, 7, 10, 14, 18, 20, 25, 25, 26, 33]]
[[3, 6, 10, 10, 18, 18, 23, 25, 27, 27, 27, 27, 33], [4, 8, 10, 13, 15, 15, 15, 15, 18, 18, 21, 21]]
[[0, 0, 4, 7, 10, 10, 14, 19, 19, 21, 23, 25, 27, 27, 27, 27], [2, 6, 9, 9, 9, 11, 11, 15, 15, 15, 15, 23, 25, 25, 26, 32]]
[[4, 9, 12, 17, 20, 25, 31], [2, 4, 7, 10, 13, 17]]
[[3, 7, 10, 10, 10, 10, 15, 21, 29, 34], [3, 6, 9, 11, 15, 15, 15, 17, 19]]
[[3, 7, 11, 16, 17, 17, 20, 24, 27, 31], [3, 7, 12, 15, 19, 22, 22, 26, 26]]
[[3, 7, 10, 14, 17, 21, 28, 33], [5, 9, 9, 12, 16, 16, 17]]
[[4, 7, 11, 16, 20, 22, 26, 33], [4, 7, 11, 11, 16, 20, 22]]
[[5, 5, 8, 12, 12, 16, 20, 24, 29, 31], [3, 3, 3, 3, 5, 5, 7, 7, 7]]
[[0, 4, 8, 12, 16, 19, 24, 29, 29, 33], [4, 6, 8, 10, 13, 17, 17, 17, 17]]
[[4, 4, 7, 7, 7, 8, 10, 16, 20, 25, 31], [3, 7, 10, 10, 12, 14, 16, 16, 17, 21]]
[[0, 1, 5, 9, 12, 12, 12, 16, 22], [2, 7, 11, 14, 17, 21, 26, 27, 30]]
[[3, 7, 13, 16, 20, 26, 30], [4, 7, 11, 15, 15, 19]]
[[4, 8, 8, 11, 15, 17, 20, 20, 20, 20, 20, 20, 20, 30], [4, 7, 14, 17, 17, 17, 18, 23, 23, 29, 29, 29, 29]]
[[4, 8, 8, 13, 19, 22, 22, 28, 28, 30], [1, 1, 4, 7, 10, 10, 16, 16, 24]]
[[4, 7, 10, 14, 18, 24, 30], [4, 8, 12, 12, 12, 12]]
[[3, 4, 4, 7, 7, 9, 11, 14, 17, 22], [3, 6, 10, 14, 14, 14, 16, 22, 26, 32]]
[[4, 8, 12, 16, 20, 24, 30], [1, 3, 3, 5, 5, 8]]
[[4, 4, 7, 11, 14, 18, 18, 18, 18, 18, 18, 18, 18, 24, 24, 24, 24, 24, 26, 26], [3, 3, 6, 9, 13, 13, 13, 13, 13, 18, 18, 18, 18, 21, 21, 26, 26, 28, 29, 30]]
[[3, 4, 7, 7, 10, 15, 20, 20, 27, 27, 27, 27, 32], [4, 7, 11, 14, 14, 17, 17, 17, 21, 23, 25, 25]]
[[4, 7, 11, 11, 16, 21, 26, 28, 30], [3, 5, 5, 9, 13, 13, 13, 13]]
[[4, 8, 11, 15, 19, 24, 26, 32], [0, 3, 5, 9, 9, 9, 9]]
[[5, 8, 12, 15, 19, 23, 23, 25, 26, 27, 29, 31], [0, 2, 6, 6, 10, 10, 10, 10, 12, 14, 16]]
[[4, 8, 8, 8, 10, 10, 10, 12, 14], [4, 4, 7, 10, 14, 18, 23, 28, 34]]
[[4, 7, 7, 7, 7, 13, 18, 22, 22, 22, 22, 26, 28, 33], [1, 1, 1, 4, 7, 7, 9, 9, 9, 13, 14, 18, 24]]
[[1, 4, 4, 4, 8, 8, 11, 17, 23, 29, 31], [4, 4, 4, 6, 8, 10, 12, 12, 12, 12]]
[[3, 7, 11, 15, 18, 20, 26, 32], [3, 6, 9, 12, 16, 16, 16]]
[[3, 7, 12, 16, 23, 29, 31], [2, 4, 6, 9, 9, 11]]
[[3, 7, 7, 11, 15, 19, 25, 31], [1, 4, 4, 6, 6, 8, 10]]
[[4, 8, 11, 15, 19, 23, 23, 28, 33], [4, 4, 9, 12, 16, 20, 20, 20]]
[[4, 7, 10, 14, 19, 22, 26, 32], [0, 5, 8, 11, 15, 15, 15]]
[[4, 7, 11, 15, 21, 27, 32], [3, 4, 4, 7, 7, 7]]
[[3, 7, 7, 11, 11, 11, 15, 15, 17, 17], [4, 7, 12, 12, 16, 16, 16, 22, 28, 32]]
[[4, 7, 10, 15, 19, 24, 30], [4, 7, 9, 9, 9, 11]]
[[3, 7, 11, 16, 20, 25, 31], [4, 4, 7, 11, 14, 17]]
[[4, 4, 9, 12, 15, 19, 24, 25, 31], [3, 7, 9, 9, 15, 15, 17, 19]]
[[4, 7, 7, 10, 14, 18, 22, 26, 32], [1, 4, 4, 7, 7, 12, 12, 12]]
[[3, 7, 9, 11, 11, 14, 14], [3, 7, 12, 16, 22, 26, 31]]
[[4, 7, 11, 14, 14, 16, 18], [4, 8, 11, 14, 18, 26, 31]]
[[0, 4, 4, 4, 4, 4, 5, 5, 10, 12, 12, 16, 16, 16, 16, 16, 16, 16, 16, 16, 21, 21, 21, 21, 21, 21, 21, 21, 23], [2, 5, 6, 9, 9, 12, 16, 16, 16, 16, 16, 18, 22, 25, 25, 25, 25, 25, 25, 25, 27, 29, 29, 29, 29, 29, 29, 29, 30]]
[[4, 7, 10, 14, 14, 20, 22, 24, 26, 28, 30], [4, 7, 7, 10, 10, 14, 16, 18, 20, 22]]
[[0, 1, 5, 9, 14, 16, 20, 25, 27, 32], [3, 5, 7, 12, 14, 16, 18, 22, 25]]
[[3, 6, 6, 6, 9, 9, 11, 16, 21, 23, 23, 24, 26], [5, 9, 12, 17, 19, 19, 19, 21, 21, 21, 23, 29, 30]]
[[3, 4, 6, 6, 6, 6, 9, 9, 10, 10], [4, 8, 11, 15, 15, 19, 21, 21, 25, 31]]
[[4, 4, 4, 6, 9, 12, 17, 21, 27, 29, 31], [2, 7, 10, 14, 17, 17, 17, 17, 19, 21]]
[[5, 8, 12, 15, 15, 21, 26, 32], [1, 4, 4, 7, 7, 7, 9]]
[[3, 7, 10, 13, 17, 17, 19, 21, 23, 23, 23, 23], [3, 4, 7, 11, 11, 13, 13, 17, 22, 29, 29, 30]]
[[4, 7, 10, 10, 16, 16, 16, 20, 20, 27, 29, 29, 31], [4, 7, 9, 9, 12, 16, 16, 16, 16, 16, 16, 16]]
[[3, 6, 10, 14, 18, 24, 29], [3, 3, 3, 3, 5, 5, 30]]
[[3, 7, 11, 14, 18, 18, 24, 26, 26], [0, 4, 7, 11, 15, 18, 24, 27, 32]]
[[3, 3, 7, 10, 15, 21, 21, 27, 27, 31], [3, 3, 6, 9, 11, 11, 11, 13, 13]]
[[3, 7, 10, 10, 12, 15, 19, 24, 24, 28], [0, 5, 8, 12, 17, 20, 20, 24, 28, 34]]
[[3, 5, 9, 12, 12, 16, 19, 25, 31], [5, 5, 5, 5, 10, 10, 15, 15]]
[[4, 4, 8, 11, 14, 19, 20, 24, 28, 30], [4, 4, 4, 7, 7, 7, 10, 10, 10]]
[[3, 7, 11, 17, 20, 26, 33], [3, 6, 9, 11, 13, 15]]
[[3, 7, 7, 11, 11, 16, 21, 22, 23, 23, 23], [3, 7, 10, 13, 17, 17, 17, 22, 27, 27, 31]]
[[4, 8, 8, 11, 15, 21, 26, 33], [3, 7, 7, 10, 14, 18, 22]]
[[4, 4, 7, 10, 10, 14, 20, 20, 27, 30], [3, 6, 6, 10, 12, 16, 19, 23, 27]]
[[3, 6, 6, 6, 6, 6, 10, 13], [0, 4, 8, 11, 15, 20, 25, 30]]
[[3, 7, 10, 10, 10, 10, 10, 16, 17, 22, 22, 22, 22, 22, 22, 22], [4, 7, 11, 11, 13, 13, 13, 16, 16, 20, 20, 25, 29, 29, 29, 30]]
[[3, 8, 8, 13, 17, 20, 24, 24, 24, 32], [4, 8, 11, 15, 19, 19, 23, 27, 27]]
[[3, 7, 10, 15, 19, 19, 23, 27, 29, 30], [3, 6, 6, 11, 11, 11, 11, 11, 13]]
[[3, 6, 9, 9, 14, 18, 23, 23, 24, 26, 26, 26, 26, 26, 30], [4, 4, 4, 7, 7, 7, 7, 7, 7, 7, 10, 15, 15, 15]]
[[4, 7, 11, 14, 14, 14, 15, 17, 17, 21, 21, 21, 26, 26, 31], [4, 7, 10, 13, 13, 13, 15, 20, 20, 20, 20, 21, 21, 21]]
[[3, 7, 11, 16, 19, 27, 30], [3, 7, 11, 14, 14, 17]]
[[2, 6, 9, 12, 16, 18, 20], [4, 8, 12, 15, 18, 24, 30]]
[[0, 3, 5, 9, 11, 11, 15], [4, 7, 12, 17, 21, 25, 30]]
[[3, 7, 7, 12, 14, 16, 18, 20, 22, 24], [4, 9, 12, 12, 17, 22, 27, 27, 27, 30]]
[[3, 3, 7, 10, 13, 17, 17, 23, 28, 28, 28, 28, 28, 28], [0, 3, 7, 11, 14, 18, 23, 23, 23, 23, 23, 23, 23, 30]]
[[4, 6, 8, 10, 13, 16, 19, 19, 21], [5, 8, 11, 15, 19, 24, 24, 29, 30]]
[[3, 7, 11, 14, 20, 24, 30], [2, 6, 10, 14, 14, 14]]
[[1, 4, 8, 11, 15, 19, 19, 23, 24, 24, 24, 24], [4, 4, 4, 4, 4, 6, 9, 9, 13, 19, 25, 30]]
[[3, 7, 10, 14, 18, 18, 18, 18, 18, 18, 20, 20, 20, 20], [3, 7, 11, 14, 14, 20, 20, 20, 24, 24, 26, 27, 27, 32]]
[[4, 7, 11, 14, 18, 23, 27, 32], [4, 7, 7, 7, 11, 12, 16]]
[[3, 4, 7, 11, 17, 21, 21, 26], [4, 7, 11, 14, 17, 21, 25, 30]]
[[5, 8, 11, 15, 15, 21, 26, 33], [4, 6, 8, 10, 13, 13, 13]]
[[4, 7, 10, 14, 18, 26, 31], [3, 7, 7, 10, 10, 13]]
[[5, 8, 11, 15, 19, 22, 27, 32], [1, 1, 3, 7, 7, 7, 11]]
[[3, 6, 10, 13, 13, 15, 19, 19, 23, 27, 32], [0, 2, 2, 3, 5, 5, 8, 12, 17, 17]]
[[3, 7, 10, 10, 10, 14, 20, 25, 26, 31], [4, 4, 4, 7, 10, 10, 10, 16, 18]]
[[3, 7, 12, 16, 20, 24, 30], [4, 8, 10, 13, 13, 13]]
[[3, 7, 7, 11, 11, 15, 19, 28, 30], [4, 6, 6, 8, 10, 13, 15, 17]]
[[3, 8, 13, 17, 23, 28, 32], [4, 8, 12, 15, 18, 22]]
[[4, 4, 6, 6, 6, 6, 6, 6, 6, 6, 10, 12, 19, 22, 25, 28, 32], [4, 7, 11, 11, 15, 15, 19, 23, 23, 23, 23, 23, 25, 29, 29, 29]]
[[5, 8, 8, 12, 15, 19, 22, 26, 28, 28, 28, 34], [4, 4, 7, 11, 11, 14, 18, 20, 21, 26, 26]]
[[4, 4, 4, 4, 4, 4, 8, 8, 10], [4, 7, 11, 15, 20, 22, 22, 28, 31]]
[[3, 7, 7, 7, 7, 9, 13, 15, 17], [4, 7, 11, 11, 11, 16, 21, 27, 32]]
[[4, 7, 7, 7, 7, 9, 9, 13, 17, 21, 21], [4, 8, 8, 8, 8, 12, 12, 16, 20, 25, 31]]
[[3, 3, 4, 4, 7, 10, 10, 17, 17, 18], [4, 7, 10, 14, 14, 18, 22, 22, 26, 30]]
[[4, 4, 4, 4, 4, 7, 7, 10, 11, 13, 16, 22], [4, 7, 11, 16, 19, 25, 29, 29, 29, 29, 29, 32]]
[[3, 6, 10, 14, 18, 23, 28, 33], [1, 4, 8, 8, 8, 8, 11]]
[[3, 8, 12, 12, 16, 19, 24, 24, 27, 29, 31], [3, 3, 6, 6, 9, 12, 17, 22, 24, 25]]
[[3, 7, 11, 14, 14, 18, 23, 27], [4, 7, 11, 14, 18, 25, 25, 30]]
[[3, 3, 7, 10, 13, 17, 24, 26, 26, 26, 26, 26, 31], [3, 3, 8, 12, 16, 16, 16, 16, 16, 21, 21, 22]]
[[3, 3, 6, 8, 11, 13, 16, 21], [4, 7, 11, 15, 19, 24, 25, 31]]
[[3, 8, 11, 15, 15, 18, 23, 27, 34], [4, 7, 9, 9, 11, 11, 14, 14]]
[[3, 8, 11, 15, 19, 23, 31], [3, 8, 8, 8, 8, 8]]
[[4, 4, 8, 12, 15, 18, 22, 27, 32], [3, 6, 9, 13, 17, 19, 19, 19]]
[[4, 8, 8, 8, 8, 11, 11, 16, 22, 26, 26, 32], [0, 3, 4, 7, 7, 10, 10, 13, 15, 17, 17]]
[[3, 7, 7, 7, 7, 9, 12, 12], [4, 9, 12, 16, 21, 25, 29, 34]]
[[4, 7, 10, 14, 18, 24, 29, 31], [4, 4, 4, 4, 4, 9, 9]]
[[3, 7, 11, 11, 11, 13, 18, 18, 20], [3, 7, 12, 17, 22, 25, 29, 29, 35]]
[[5, 8, 12, 16, 19, 23, 29, 31], [3, 3, 6, 6, 6, 6, 6]]
[[3, 6, 11, 11, 15, 18, 18, 23, 23, 25, 26], [4, 8, 12, 16, 19, 23, 28, 28, 28, 28, 30]]
[[4, 7, 11, 16, 20, 24, 30], [4, 4, 4, 7, 12, 12]]
[[5, 8, 12, 17, 21, 24, 27, 32], [1, 3, 7, 11, 16, 16, 16]]
[[3, 3, 3, 7, 11, 11, 12, 17, 17, 21, 21, 26, 33], [4, 6, 9, 13, 13, 16, 20, 20, 20, 22, 24, 26]]
[[3, 4, 4, 4, 7, 9, 11, 16, 18, 18, 18, 18], [4, 7, 7, 11, 17, 17, 21, 23, 29, 29, 29, 31]]
[[3, 7, 10, 15, 19, 19, 24, 29, 29, 35], [3, 7, 7, 7, 11, 15, 17, 17, 20]]
[[3, 5, 7, 11, 16, 20, 24, 28, 28, 33], [3, 6, 9, 14, 19, 23, 23, 23, 23]]
[[3, 8, 11, 14, 18, 22, 24, 30], [1, 1, 3, 3, 6, 11, 11]]
